P: [[3], [2], [1]]
T: [[1, 0, 4],[0, 1, 2], [0, 0, 1]]
P: [[7], [4], [1]]
R: [[6.12323e-17, -1, 0], [1, 6.12323e-17, 0], [0, 0, 1]]
P: [[-4], [7], [1]]
